584.575917 0.06
585.631849 1.06
585.687824 0.06
586.743856 1.06
587.839842 1.1
588.935823 1.1
588.999822 0.06
590.048091 1.05
591.147821 1.1
591.203823 0.06
592.251824 1.05
593.355805 1.1
594.452117 1.1
595.555828 1.1
596.655838 1.1
597.751872 1.1
598.856115 1.1
599.951828 1.1
601.051859 1.1
601.103818 0.05
602.155833 1.05
603.256118 1.1
603.311809 0.06
604.359789 1.05
605.455801 1.1
605.511814 0.06
606.559815 1.05
606.615805 0.06
607.664089 1.05
608.763823 1.1
609.859803 1.1
610.955816 1.1
612.060111 1.1
613.159796 1.1
614.267793 1.11
615.363833 1.1
615.419831 0.06
616.468123 1.05
616.523819 0.06
617.571812 1.05
618.667816 1.1
619.767809 1.1
620.864088 1.1
621.963802 1.1
623.067795 1.1
624.167813 1.1
625.264079 1.1
626.363778 1.1
627.467792 1.1
628.571803 1.1
629.668389 1.1
630.764041 1.1
631.859779 1.1
632.955772 1.1
634.052248 1.1
634.107793 0.06
635.171778 1.06
636.271786 1.1
637.36777 1.1
638.46432 1.1
639.559766 1.1
640.65579 1.1
641.751767 1.1
642.852104 1.1
643.955758 1.1
644.011765 0.06
645.059769 1.05
646.167779 1.11
647.264032 1.1
647.327773 0.06
648.379777 1.05
648.435762 0.06
649.491779 1.06
649.547767 0.06
650.595785 1.05
651.708032 1.11
651.763771 0.06
652.811754 1.05
653.911749 1.1
655.015766 1.1
656.116038 1.1
656.171772 0.06
657.227768 1.06
657.283787 0.06
658.331769 1.05
659.427772 1.1
660.53208 1.1
661.62778 1.1
662.723762 1.1
663.819752 1.1
664.916023 1.1
666.015764 1.1
667.11176 1.1
668.215765 1.1
668.267765 0.05
669.320022 1.05
669.371761 0.05
670.419777 1.05
670.471755 0.05
671.523756 1.05
671.575763 0.05
672.623744 1.05
672.675734 0.05
672.675734 0
673.732066 1.06
673.783743 0.05
674.835759 1.05
674.887733 0.05
675.935728 1.05
677.031754 1.1
678.128018 1.1
678.183759 0.06
679.231754 1.05
679.283753 0.05
680.347747 1.06
680.399729 0.05
681.451742 1.05
681.511749 0.06
682.560422 1.05
682.611726 0.05
683.667757 1.06
684.763728 1.1
685.875747 1.11
685.931709 0.06
686.988006 1.06
687.04773 0.06
688.09574 1.05
689.195728 1.1
689.251746 0.06
690.299726 1.05
691.396011 1.1
692.49571 1.1
692.551719 0.06
693.607713 1.06
693.659724 0.05
694.731715 1.07
694.787779 0.06
695.852002 1.06
696.947715 1.1
698.059729 1.11
699.163729 1.1
699.219712 0.06
700.276 1.06
701.37172 1.1
701.423716 0.05
702.471812 1.05
703.567908 1.1
703.623718 0.06
704.730835 1.11
704.787791 0.06
705.835771 1.05
706.931711 1.1
708.035741 1.1
708.091756 0.06
709.140038 1.05
709.192271 0.05
710.247711 1.06
710.303721 0.06
711.351732 1.05
712.44773 1.1
712.499732 0.05
713.556002 1.06
714.651722 1.1
715.755721 1.1
716.851698 1.1
716.915716 0.06
717.967999 1.05
719.063721 1.1
719.12371 0.06
720.171726 1.05
720.227707 0.06
721.275773 1.05
722.376042 1.1
722.431717 0.06
723.483723 1.05
724.579709 1.1
725.675678 1.1
725.731717 0.06
726.779991 1.05
727.875788 1.1
728.983714 1.11
730.095712 1.11
731.192008 1.1
731.247696 0.06
732.295667 1.05
733.391689 1.1
733.447696 0.06
734.495684 1.05
735.600333 1.1
736.699698 1.1
737.795703 1.1
738.891693 1.1
738.951699 0.06
739.999947 1.05
741.103662 1.1
742.203707 1.1
743.303678 1.1
744.399932 1.1
745.495661 1.1
745.547697 0.05
746.595694 1.05
746.655658 0.06
747.703679 1.05
747.763695 0.06
748.811957 1.05
748.863675 0.05
749.911673 1.05
749.971678 0.06
751.019672 1.05
751.07165 0.05
752.127664 1.06
752.179675 0.05
753.239937 1.06
753.303667 0.06
754.351673 1.05
754.403677 0.05
755.45167 1.05
755.503658 0.05
756.551671 1.05
756.603742 0.05
757.65195 1.05
757.703668 0.05
758.755678 1.05
758.815671 0.06
759.863664 1.05
759.914783 0.05
760.963678 1.05
761.015671 0.05
762.063935 1.05
762.115656 0.05
763.163659 1.05
763.215656 0.05
764.271678 1.06
764.327677 0.06
765.375663 1.05
765.427687 0.05
766.479952 1.05
766.535659 0.06
767.587684 1.05
767.643674 0.06
768.695662 1.05
768.751679 0.06
769.803686 1.05
769.859677 0.06
770.911954 1.05
770.967665 0.06
772.019663 1.05
772.075664 0.06
773.131643 1.06
773.183641 0.05
774.239653 1.06
774.295682 0.06
775.343927 1.05
775.399671 0.06
776.455666 1.06
776.511671 0.06
777.563651 1.05
778.659675 1.1
778.715656 0.06
779.767941 1.05
779.823645 0.06
780.875685 1.05
780.927623 0.05
781.98365 1.06
782.039663 0.06
783.091674 1.05
783.147667 0.06
784.199937 1.05
784.255671 0.06
785.303654 1.05
785.359653 0.06
786.411654 1.05
787.511652 1.1
787.571651 0.06
788.62828 1.06
788.679641 0.05
789.731656 1.05
789.787669 0.06
790.839665 1.05
790.895652 0.06
791.947649 1.05
792.011686 0.06
793.063907 1.05
793.119647 0.06
794.171379 1.05
794.227657 0.06
795.275659 1.05
795.331642 0.06
796.387668 1.06
796.443659 0.06
797.495908 1.05
797.551639 0.06
798.599631 1.05
798.65563 0.06
799.703625 1.05
799.759643 0.06
800.811635 1.05
800.867633 0.06
801.915917 1.05
801.971643 0.06
803.031624 1.06
803.083632 0.05
804.135629 1.05
804.19165 0.06
805.239646 1.05
805.295646 0.06
806.343911 1.05
806.399637 0.06
807.447635 1.05
807.503637 0.06
808.555635 1.05
808.611624 0.06
809.65965 1.05
810.755929 1.1
810.811636 0.06
811.863619 1.05
811.919609 0.06
812.971632 1.05
813.035628 0.06
814.083613 1.05
814.139648 0.06
815.1879 1.05
815.243619 0.06
816.290715 1.05
816.347636 0.06
817.403633 1.06
817.459611 0.06
818.511611 1.05
818.56762 0.06
819.615905 1.05
819.671604 0.06
820.719604 1.05
821.814704 1.1
822.915656 1.1
824.012155 1.1
825.358704 1.35
825.411689 0.05
826.459626 1.05
827.555652 1.1
828.652225 1.1
828.711591 0.06
829.763606 1.05
830.867605 1.1
831.967616 1.1
833.06793 1.1
834.167625 1.1
835.263601 1.1
835.319603 0.06
836.367617 1.05
837.463919 1.1
838.559627 1.1
839.663611 1.1
840.759616 1.1
841.860455 1.1
842.955601 1.1
843.011607 0.06
844.05961 1.05
845.155602 1.1
846.252025 1.1
846.307584 0.06
847.355617 1.05
847.411586 0.06
848.45959 1.05
848.531592 0.07
849.579597 1.05
850.67586 1.1
850.731647 0.06
851.779582 1.05
852.875575 1.1
853.975611 1.1
855.075915 1.1
856.179584 1.1
856.239593 0.06
857.287579 1.05
858.387593 1.1
859.483861 1.1
859.539591 0.06
860.587572 1.05
861.69157 1.1
862.791571 1.1
863.895831 1.1
864.991556 1.1
866.091587 1.1
867.187569 1.1
867.243557 0.06
868.295829 1.05
869.395567 1.1
870.491548 1.1
870.543571 0.05
871.591582 1.05
872.695823 1.1
873.791579 1.1
874.887571 1.1
875.991562 1.1
877.087833 1.1
878.187556 1.1
879.283563 1.1
879.339545 0.06
880.38756 1.05
881.487829 1.1
882.59158 1.1
883.695568 1.1
884.791581 1.1
885.887818 1.1
886.983557 1.1
888.079574 1.1
889.175723 1.1
889.227545 0.05
890.275822 1.05
891.383549 1.11
892.495563 1.11
893.591553 1.1
894.688184 1.1
895.783759 1.1
896.887569 1.1
897.991554 1.1
899.087808 1.1
900.183576 1.1
901.279619 1.1
902.383563 1.1
903.487819 1.1
904.583552 1.1
904.651528 0.07
905.703532 1.05
906.803533 1.1
907.903797 1.1
908.999541 1.1
910.103548 1.1
910.159546 0.06
911.211545 1.05
911.267542 0.06
912.319833 1.05
912.375535 0.06
913.423542 1.05
913.479549 0.06
914.52754 1.05
914.583536 0.06
915.631546 1.05
915.691527 0.06
916.739798 1.05
916.803524 0.06
917.851519 1.05
917.907534 0.06
918.95551 1.05
919.011528 0.06
920.063544 1.05
921.167861 1.1
921.223539 0.06
922.279534 1.06
922.335533 0.06
923.383517 1.05
923.439522 0.06
924.487531 1.05
924.543552 0.06
925.59182 1.05
925.647522 0.06
926.695556 1.05
927.791536 1.1
928.887511 1.1
929.983824 1.1
931.079522 1.1
931.131512 0.05
932.179523 1.05
933.275539 1.1
933.331506 0.06
934.387768 1.06
934.443503 0.06
935.491511 1.05
935.547517 0.06
936.595518 1.05
937.707513 1.11
937.763527 0.06
938.811786 1.05
938.867504 0.06
939.923498 1.06
939.979508 0.06
941.035511 1.06
941.091516 0.06
942.139512 1.05
942.195523 0.06
943.243789 1.05
944.33949 1.1
945.578488 1.24
945.651589 0.07
946.711558 1.06
947.81634 1.1
948.915511 1.1
950.027525 1.11
951.123504 1.1
951.179528 0.06
952.235771 1.06
953.331508 1.1
954.42752 1.1
955.531518 1.1
956.627794 1.1
957.723509 1.1
958.823516 1.1
959.919506 1.1
961.023784 1.1
962.123552 1.1
962.179494 0.06
963.227496 1.05
964.335507 1.11
964.403487 0.07
965.451788 1.05
966.555479 1.1
967.675493 1.12
967.739495 0.06
968.787465 1.05
969.887764 1.1
970.987476 1.1
971.05549 0.07
972.103498 1.05
973.199495 1.1
973.263494 0.06
974.31987 1.06
975.415492 1.1
976.511491 1.1
977.607716 1.1
978.70378 1.1
979.799494 1.1
980.895491 1.1
981.991477 1.1
983.08778 1.1
984.191474 1.1
984.243457 0.05
985.291456 1.05
985.343472 0.05
986.391491 1.05
986.443479 0.05
987.491741 1.05
987.543467 0.05
988.591466 1.05
988.643451 0.05
989.691469 1.05
989.743469 0.05
990.791482 1.05
990.843459 0.05
991.891898 1.05
991.943458 0.05
992.991463 1.05
993.04347 0.05
994.091464 1.05
994.143451 0.05
995.215464 1.07
995.26745 0.05
996.315711 1.05
996.367448 0.05
997.415449 1.05
997.467437 0.05
998.515433 1.05
998.567417 0.05
999.623415 1.06
999.675424 0.05
1000.732048 1.06
1000.791414 0.06
1001.847421 1.06
1002.94744 1.1
1003.019387 0.07
1004.067407 1.05
1004.119404 0.05
1005.16769 1.05
1005.227375 0.06
1006.283378 1.06
1006.339392 0.06
1007.387391 1.05
1007.44339 0.06
1008.499381 1.06
1008.551392 0.05
1009.603645 1.05
1009.655355 0.05
1010.703346 1.05
1010.755359 0.05
1011.803372 1.05
1011.855365 0.05
1012.903357 1.05
1012.955342 0.05
1014.003608 1.05
1014.055338 0.05
1015.111332 1.06
1015.163321 0.05
1016.211329 1.05
1016.263345 0.05
1017.311331 1.05
1017.363362 0.05
1018.411593 1.05
1018.463338 0.05
1019.511334 1.05
1019.563318 0.05
1020.619333 1.06
1020.671298 0.05
1021.71932 1.05
1021.771314 0.05
1022.823593 1.05
1022.875295 0.05
1023.923284 1.05
1023.975309 0.05
1025.02331 1.05
1025.07528 0.05
1026.135298 1.06
1026.187278 0.05
1027.243569 1.06
1027.295289 0.05
1028.351283 1.06
1028.403281 0.05
1029.451267 1.05
1029.503272 0.05
1030.551269 1.05
1030.603252 0.05
1031.651539 1.05
1031.703246 0.05
1032.75526 1.05
1032.80725 0.05
1033.867239 1.06
1033.919226 0.05
1034.967243 1.05
1035.027243 0.06
1036.075496 1.05
1036.127253 0.05
1037.175218 1.05
1037.23922 0.06
1038.291228 1.05
1038.351216 0.06
1039.399243 1.05
1039.451235 0.05
1040.499502 1.05
1040.55922 0.06
1041.607214 1.05
1041.659212 0.05
1042.707213 1.05
1042.7592 0.05
1043.807217 1.05
1043.859197 0.05
1044.915496 1.06
1044.967319 0.05
1046.031201 1.06
1046.083206 0.05
1047.131209 1.05
1047.183173 0.05
1048.239169 1.06
1048.291188 0.05
1049.359454 1.07
1049.411162 0.05
1050.463158 1.05
1050.515184 0.05
1051.563176 1.05
1051.615158 0.05
1052.663152 1.05
1052.715177 0.05
1053.763788 1.05
1053.815146 0.05
1054.871132 1.06
1054.923145 0.05
1055.979138 1.06
1056.043142 0.06
1057.095126 1.05
1057.147147 0.05
1058.203407 1.06
1058.255117 0.05
1059.307135 1.05
1059.359138 0.05
1060.411128 1.05
1060.463121 0.05
1061.511134 1.05
1061.57513 0.06
1062.623402 1.05
1062.679111 0.06
1063.731105 1.05
1064.827133 1.1
1064.8991 0.07
1066.006256 1.11
1067.103522 1.1
1067.15909 0.06
1068.211086 1.05
1069.323081 1.11
1070.419103 1.1
1071.515392 1.1
1072.611042 1.1
1073.711053 1.1
1073.767068 0.06
1074.815052 1.05
1074.871064 0.06
1075.92336 1.05
1075.979069 0.06
1077.035045 1.06
1078.135036 1.1
1078.199026 0.06
1079.251024 1.05
1079.307048 0.06
1080.359369 1.05
1080.415027 0.06
1081.463036 1.05
1081.519014 0.06
1082.567068 1.05
1083.671012 1.1
1083.727012 0.06
1084.775345 1.05
1084.831017 0.06
1085.879057 1.05
1086.979018 1.1
1088.07501 1.1
1089.18328 1.11
1090.278992 1.1
1091.375165 1.1
1092.474988 1.1
1092.530994 0.06
1093.587263 1.06
1093.638976 0.05
1094.698969 1.06
1094.750959 0.05
1095.798947 1.05
1095.85096 0.05
1096.898952 1.05
1096.950965 0.05
1098.007241 1.06
1098.062947 0.06
1099.134965 1.07
1099.187033 0.05
1100.242941 1.06
1100.294943 0.05
1101.342922 1.05
1101.395024 0.05
1102.443248 1.05
1102.494926 0.05
1103.542926 1.05
1103.602932 0.06
1104.66292 1.06
1104.718909 0.06
1105.766929 1.05
1105.818923 0.05
1106.867573 1.05
1106.918905 0.05
1107.966909 1.05
1109.066897 1.1
1109.118906 0.05
1110.166876 1.05
1110.218912 0.05
1111.275159 1.06
1111.334873 0.06
1112.386871 1.05
1112.438897 0.05
1113.486861 1.05
1113.554894 0.07
1114.606857 1.05
1114.666891 0.06
1115.715156 1.05
1115.766856 0.05
1116.814858 1.05
1116.866897 0.05
1117.914849 1.05
1117.96688 0.05
1119.014864 1.05
1119.066854 0.05
1120.115128 1.05
1120.174831 0.06
1121.230845 1.06
1121.282847 0.05
1122.342847 1.06
1122.394827 0.05
1123.442847 1.05
1124.539119 1.1
1125.642842 1.1
1126.738817 1.1
1127.850834 1.11
1128.951087 1.1
1130.046807 1.1
1131.154803 1.11
1131.210812 0.06
1132.262794 1.05
1133.359068 1.1
1134.462796 1.1
1134.518804 0.06
1135.566805 1.05
1135.626775 0.06
1136.674783 1.05
1136.730799 0.06
1137.779052 1.05
1137.83878 0.06
1138.894769 1.06
1138.950754 0.06
1139.998773 1.05
1141.094779 1.1
1142.191136 1.1
1143.286752 1.1
1143.346751 0.06
1144.398747 1.05
1145.502736 1.1
1146.603021 1.1
1146.670759 0.07
1147.71874 1.05
1148.814734 1.1
1149.910732 1.1
1151.006997 1.1
1152.102797 1.1
1152.158718 0.06
1153.210724 1.05
1153.278713 0.07
1154.342713 1.06
1155.438975 1.1
1156.534685 1.1
1156.590699 0.06
1157.638694 1.05
1157.690694 0.05
1158.746703 1.06
1159.843312 1.1
1160.946693 1.1
1162.042676 1.1
1163.154718 1.11
1163.210682 0.06
1164.270942 1.06
1164.326674 0.06
1165.374671 1.05
1165.430654 0.06
1166.48266 1.05
1166.550659 0.07
1167.610664 1.06
1167.666661 0.06
1168.722938 1.06
1168.77866 0.06
1169.838656 1.06
1169.894628 0.06
1170.946843 1.05
1171.002649 0.06
1172.050645 1.05
1172.102651 0.05
1173.162915 1.06
1173.226641 0.06
1174.274601 1.05
1175.370643 1.1
1175.426639 0.06
1176.478628 1.05
1176.558631 0.08
1177.61487 1.06
1177.678611 0.06
1178.730621 1.05
1178.78661 0.06
1179.846604 1.06
1179.902605 0.06
1180.954613 1.05
1181.01061 0.06
1182.062884 1.05
1182.118614 0.06
1183.182599 1.06
1183.2346 0.05
